
% M = [ 0.9463 -0.4150 -16.8831;
% -1.3084 1.6791 -9.8131;
% -0.0084 -0.0244 9.9762;
% ];
% C0= [
% 190, 309;
% 191, 309;
% 192, 309;
% 193, 309;
% 194, 309;
% 185, 308;
% 186, 308;
% 187, 308;
% 189, 308;
% 199, 308;
% 200, 308;
% 201, 308;
% 183, 307;
% 184, 307;
% 205, 307;
% 206, 307;
% 180, 306;
% 181, 306;
% 207, 306;
% 208, 306;
% 210, 306;
% 179, 305;
% 211, 305;
% 212, 305;
% 175, 304;
% 177, 304;
% 214, 304;
% 174, 303;
% 215, 303;
% 216, 303;
% 172, 302;
% 218, 302;
% 170, 301;
% 219, 301;
% 221, 301;
% 168, 300;
% 223, 300;
% 166, 299;
% 224, 299;
% 226, 298;
% 271, 298;
% 272, 298;
% 164, 297;
% 228, 297;
% 271, 297;
% 272, 297;
% 275, 297;
% 276, 297;
% 277, 297;
% 161, 296;
% 230, 296;
% 272, 296;
% 273, 296;
% 278, 296;
% 279, 296;
% 280, 296;
% 232, 295;
% 273, 295;
% 274, 295;
% 281, 295;
% 282, 295;
% 283, 295;
% 158, 294;
% 234, 294;
% 274, 294;
% 275, 294;
% 284, 294;
% 285, 294;
% 155, 293;
% 236, 293;
% 275, 293;
% 276, 293;
% 286, 293;
% 287, 293;
% 238, 292;
% 277, 292;
% 278, 292;
% 288, 292;
% 290, 292;
% 152, 291;
% 240, 291;
% 278, 291;
% 291, 291;
% 292, 291;
% 242, 290;
% 279, 290;
% 280, 290;
% 294, 290;
% 295, 290;
% 281, 289;
% 296, 289;
% 148, 288;
% 244, 288;
% 282, 288;
% 298, 288;
% 299, 288;
% 247, 287;
% 283, 287;
% 301, 287;
% 144, 286;
% 249, 286;
% 285, 286;
% 303, 286;
% 304, 286;
% 286, 285;
% 306, 285;
% 252, 284;
% 287, 284;
% 288, 284;
% 307, 284;
% 254, 283;
% 290, 283;
% 257, 282;
% 312, 282;
% 291, 281;
% 259, 280;
% 292, 280;
% 317, 280;
% 262, 279;
% 294, 279;
% 319, 279;
% 295, 278;
% 265, 277;
% 297, 277;
% 268, 276;
% 298, 276;
% 300, 275;
% 270, 274;
% 301, 274;
% 273, 273;
% 303, 272;
% 276, 271;
% 304, 271;
% 279, 270;
% 306, 270;
% 307, 269;
% 282, 268;
% 285, 267;
% 309, 267;
% 287, 266;
% 310, 266;
% 311, 265;
% 290, 264;
% 313, 264;
% 293, 263;
% 314, 263;
% 296, 262;
% 315, 262;
% 298, 260;
% 316, 260;
% 301, 259;
% 317, 259;
% 303, 258;
% 318, 258;
% 305, 257;
% 308, 257;
% 319, 257;
% 309, 256;
% 319, 256;
% 311, 255;
% 313, 255;
% 319, 255;
% 314, 254;
% 316, 254;
% 317, 254;
% ];
% X=C0(:,1);
% Y=C0(:,2);
function [x y] = applyM(M, X, Y)
point = [X Y] %redressed
point(:, end+1)=1
newpoint= M*point.';
point_transformed=newpoint.';
x=point_transformed(:, 1)./point_transformed(:, 3)
y=point_transformed(:, 2)./point_transformed(:, 3)
end
%plot(x,y, 'ob')